$ 1 0.000005 1.0312258501325766 50 5 50 5e-11
c 1472 208 1472 288 4 0.00001 1.623039023614075 0.001 0.1
162 1536 208 1536 288 2 default-led 1 0 0 0.01
c 1600 208 1600 288 4 0.000022000000000000003 1.6230390236245413 0.001 0
r 1680 208 1680 288 0 1000
w 1600 288 1680 288 0
w 1472 208 1536 208 0
w 1536 208 1600 208 0
w 1600 208 1680 208 0
w 1472 288 1536 288 0
s 1536 288 1600 288 0 0 false
c 1472 320 1472 400 4 0.000022000000000000003 1.623039054430403 0.001 0.1
162 1536 320 1536 400 2 default-led 1 0 0 0.01
c 1600 320 1600 400 4 0.00001 1.623039054409978 0.001 0
r 1680 320 1680 400 0 1000
w 1472 288 1472 320 0
w 1472 320 1536 320 0
w 1536 320 1600 320 0
w 1600 320 1680 320 0
w 1600 400 1680 400 0
w 1536 400 1472 400 0
w 1472 400 1376 400 0
s 1536 400 1600 400 0 0 false
v 1472 160 1472 208 0 0 40 5 0 0 0.5
r 1472 160 1472 96 0 500
s 1376 96 1472 96 0 0 false
w 1376 96 1376 400 0
o 2 64 0 4099 5 3.2 0 2 2 3
o 12 64 0 4099 5 3.2 1 2 12 3
